4 23 1 31 35
4 25 36 30 36
4 25 0 30 0
4 32 26 33 29
4 32 7 33 10
4 32 11 32 25
4 33 15 33 21
4 34 16 32 20
4 35 17 31 19
4 21 15 22 21
4 20 16 20 20
4 17 17 19 19
4 16 18 16 18
4 21 1 22 9
4 22 10 22 10
4 19 2 20 9
4 17 4 18 9
4 17 27 22 31
4 22 26 22 26
4 18 32 21 34
4 21 34 22 35
14 34 7 34 10
14 34 26 34 29
12 0 28 2 28
12 2 29 5 29
12 3 30 10 30
12 5 31 13 31
12 8 32 16 32
12 11 33 11 33
12 13 33 17 34
12 14 35 16 35
12 0 8 2 8
12 2 7 5 7
12 3 6 10 6
12 5 5 13 5
12 8 4 16 4
12 11 3 11 3
12 13 3 17 2
12 14 1 16 1
15 9 7 16 9
15 14 6 15 6
15 10 10 15 10
15 10 26 15 26
15 9 27 16 29
15 14 30 15 30
0 24 16 31 20
0 32 17 32 19
0 23 17 23 19
0 26 15 29 15
0 26 21 29 21
15 28 17 30 17
0 20 17 20 17
0 21 18 21 18
0 20 19 20 19
0 8 5 8 5
0 9 6 9 6
0 12 3 12 3
0 13 4 13 4
0 18 2 18 3
0 17 4 17 4
0 14 5 16 5
0 11 6 13 6
0 8 31 8 31
0 9 30 9 30
0 11 30 13 30
0 14 31 16 31
0 17 32 17 32
0 13 32 13 32
0 12 33 12 33
0 18 33 18 34
0 11 30 13 30
0 11 26 11 26
0 13 26 13 26
0 15 27 15 27
0 10 27 10 29
0 12 27 12 29
0 14 28 14 29
0 16 28 21 28
0 16 29 16 29
0 16 5 16 8
0 18 31 20 31
0 11 10 11 10
0 13 10 13 10
0 15 9 15 9
0 10 7 10 9
0 12 7 12 9
0 14 7 14 8
0 17 8 21 8 
0 18 5 20 5
0 21 4 21 4
0 21 6 21 6
0 22 7 22 7
0 23 8 23 8
0 24 9 24 9
0 24 7 24 7
0 25 6 25 6
0 26 5 26 5
0 25 4 25 4
0 22 3 24 3
0 25 2 29 2
0 30 3 30 5
0 27 6 29 6
0 29 7 29 7
8 28 9 30 10
0 29 8 30 8
0 28 9 28 9
0 25 10 27 10
0 31 9 31 12
0 30 13 30 13
0 25 13 25 13
0 24 11 24 12
8 25 11 30 12
0 26 12 29 12
8 22 4 24 6
8 25 5 25 5
8 23 7 23 7
8 21 5 21 5
0 21 30 21 30
0 22 29 22 29
0 23 28 23 28
0 24 27 24 27
0 24 29 24 29
0 25 30 25 30
0 26 31 26 31
0 25 32 25 32
0 21 32 21 32
0 22 33 24 33
0 25 34 29 34
0 30 31 30 33
0 27 30 29 30
0 29 29 29 29
0 29 28 30 28
0 31 24 31 27
8 28 26 30 27
0 28 27 28 27
0 25 26 27 26
0 24 24 24 25
0 25 23 25 23
0 30 23 30 23
8 25 24 30 25
0 26 24 29 24
8 21 31 25 31
8 22 30 24 30 
8 23 29 23 29
8 22 32 24 32











