4 1 11 17 15
4 18 12 19 14
4 20 13 20 13
4 0 13 0 13
4 2 9 15 10
4 16 10 16 10
4 3 8 15 8
4 4 7 14 7
4 5 6 14 6
4 6 5 14 5
4 7 4 15 4
4 8 3 15 3
4 10 2 16 2
4 12 1 17 1
4 14 0 19 0
4 2 16 16 16
4 2 17 15 17
4 3 18 15 18
4 4 19 14 19
4 5 20 14 20
4 6 21 14 21
4 7 22 15 22
4 8 23 15 23
4 10 24 16 24
4 12 25 17 25
4 14 26 19 26
12 15 13 18 13
14 15 19 15 21
14 15 5 15 7
15 8 7 12 7
15 10 5 11 6
15 8 19 12 19
15 10 20 11 21
0 3 13 3 13
0 12 13 12 13
0 10 12 11 14
0 4 12 5 14
0 6 11 9 15
0 7 8 12 8
0 11 6 11 7
0 12 4 12 6
0 11 4 11 4
0 10 5 10 5
0 9 6 9 6
0 7 18 12 18
0 11 19 11 20
0 12 20 12 22
0 11 22 11 22
0 10 21 10 21
0 9 20 9 20
15 8 12 9 12
