4 5 20 52 26
4 53 22 53 24
4 3 21 4 25
4 1 22 2 24
4 0 23 0 23
4 20 16 53 19
4 15 18 19 18
4 54 17 54 18
4 27 13 33 15
4 25 14 26 15
4 23 15 24 15
4 31 12 34 12
4 50 1 57 5
4 46 2 49 5
4 45 4 45 6
4 43 5 44 7
4 42 6 42 7
4 41 8 43 9
4 40 9 40 9
4 54 6 54 6
4 10 19 16 19
4 10 27 16 27
4 15 28 19 28
4 53 27 20 30
4 25 31 33 32 
4 27 33 30 33 
4 31 33 34 34
4 23 31 24 31
4 54 28 54 29
4 46 41 57 44
4 50 45 57 45
4 54 40 54 40
4 45 40 45 42
4 43 39 44 41
4 42 39 42 40
4 41 37 43 38
4 40 37 40 37
14 56 46 58 46
14 56 0 58 0
12 37 11 54 15
12 54 12 55 14
12 56 12 57 13
12 39 10 44 10
12 39 16 49 16
12 41 17 44 17
12 36 12 38 16
12 37 11 38 11
12 35 13 35 15
12 36 30 49 34
12 37 35 48 35
12 39 36 44 36 
12 35 31 35 33
12 41 29 44 29
12 50 31 54 34
12 55 33 57 34
12 55 32 55 32
15 45 8 54 9
15 46 7 53 7
15 55 9 55 9
15 50 10 56 10
15 45 37 54 38
15 46 39 53 39
15 55 37 55 37
15 50 36 56 36
0 11 21 21 25
0 12 20 16 20
0 17 19 19 20
0 12 26 16 26
0 17 26 19 27
15 13 24 15 25
0 22 22 25 22
0 22 24 25 24
0 21 17 24 17
0 21 29 24 29
0 26 21 29 21
0 26 25 29 25
0 30 26 30 26
0 30 20 30 20
0 31 21 31 21
0 31 25 31 25
0 21 17 14 17
0 25 18 25 18
0 25 16 33 16
0 31 17 31 17
0 30 18 30 18
0 26 19 29 19
0 21 29 24 29
0 25 28 25 28
0 26 27 29 27 
0 30 28 30 28
0 31 29 31 29
0 25 30 33 30
0 35 34 35 34
0 34 31 34 33
0 35 30 35 30
0 36 29 40 29
0 35 12 35 12
0 34 13 34 15
0 35 16 35 16
0 36 17 40 17
0 37 23 38 23
0 32 22 36 22
0 36 20 36 21
0 37 19 37 19
0 38 18 38 18
0 31 21 31 21
0 31 25 31 25
0 32 24 36 24
0 36 25 36 27
0 37 27 37 27
0 38 28 38 28
0 41 18 45 18
0 40 19 40 19
0 39 20 39 22
0 40 22 42 22
0 43 21 44 21
0 45 20 46 20
0 46 19 48 19
0 49 18 49 18
0 45 17 49 17
0 39 24 42 24
0 43 25 44 25
0 45 26 46 26
0 46 27 48 27
0 49 28 49 28
0 39 25 39 26
0 40 27 40 27
0 41 28 45 28
0 45 29 49 29
0 50 30 54 30
0 50 16 54 16
0 45 30 47 31
0 44 32 46 34
0 45 35 46 36
0 47 35 47 38
0 48 36 49 36
0 49 35 56 35
0 52 36 52 36
0 50 37 50 37
0 48 39 48 39
0 45 39 45 39
0 46 40 53 40
0 51 38 51 39
0 53 37 53 38
0 44 37 44 38
0 45 15 47 16
0 44 12 46 14
0 45 10 46 11
0 47 8 47 11
0 48 10 49 10
0 49 11 56 11
0 45 7 45 7
0 48 7 48 7
0 50 9 50 9
0 52 10 52 10
0 44 8 44 9
0 47 8 47 9
0 53 8 53 9
0 51 7 51 8
0 46 6 53 6
8 25 17 30 17
8 26 18 29 18
8 26 28 29 28
8 25 29 30 29
8 37 20 38 22
8 37 24 38 26
8 38 27 39 27
8 39 28 40 28
8 38 19 39 19
8 39 18 40 18



