8 7 9 13 22
8 13 10 19 21
8 3 11 6 13
8 5 14 6 17
8 3 18 7 20
7 3 6 16 7
7 3 24 16 25
7 4 5 15 5
7 4 8 15 8
7 4 23 15 23
7 4 26 15 26
7 5 0 8 0
7 7 1 9 1
7 7 2 10 2
7 8 3 11 4
7 5 31 8 31
7 7 30 9 30
7 7 29 10 29
7 8 27 11 28
7 8 13 27 18
7 28 14 30 17
7 31 15 31 16
7 4 15 6 16
7 8 11 17 11
7 8 20 17 20
7 2 10 5 10
7 2 21 5 21
15 7 15 7 16
15 9 15 9 16
15 13 15 13 16
15 15 15 15 16
1 19 15 28 16
1 20 14 27 17
1 9 11 9 11
1 11 11 11 11
1 15 11 15 11
1 9 20 9 20
1 11 20 11 20
1 15 20 15 20
9 25 15 26 15
14 1 12 2 12
14 1 19 2 19
14 0 11 0 11
14 0 13 0 13
14 0 18 0 18
14 0 20 0 20
1 4 6 5 7
1 9 6 11 7 
1 4 24 5 25
1 9 24 11 25
